{
    "InvertXLook": false,
    "InvertYLook": false,
    "MouseXSens": 5.7090654373168949,
    "MouseYSens": 4.300000190734863,
    "Brightness": 6.44712495803833,
    "Antialiasing": 2,
    "MuteAllAudio": false,
    "MasterVolume": 7.1113433837890629,
    "MusicVolume": 4.949999809265137,
    "SoundEffectVolume": 3.0211501121520998,
    "DialogueVolume": 4.0
}