{
    "InvertXLook": false,
    "InvertYLook": false,
    "MouseXSens": 6.659065246582031,
    "MouseYSens": 4.300000190734863,
    "Brightness": 6.44712495803833,
    "Antialiasing": 0,
    "MuteAllAudio": false,
    "MasterVolume": 6.161343574523926,
    "MusicVolume": 4.949999809265137,
    "SoundEffectVolume": 3.0211501121520998,
    "DialogueVolume": 4.0
}